(1996, 0)
(1996, 6836616)
(1996, -12957470)
(1996, -27700000)
(1996, -34620598)
(1996, 100270147)
(1996, -6439931)
(1996, 29205099)
(1996, 7702438)
(1996, 154260553)
(1996, 66969216)
(1996, 53611975)
(1996, 12675000)
(1996, 72616183)
(1996, -7060061)
(1996, 54860818)
(1996, 377696359)
(1996, 58267375)
(1996, -9078736)
(1996, -3210100)
(1996, 170200000)
(1996, -14930000)
(1996, 27400547)
(1996, -5449980)
(1996, 9769466)
(1996, -1786000)
(1996, 260062621)
(1996, 402471524)
(1996, -10951628)
(1996, -27699111)
(1996, 63309743)
(1996, 13620973)
(1996, 12491080)
(1996, 741969268)
(1996, -36373581)
(1996, 138851)
(1996, 55825796)
(1996, -1976566)
(1996, 142295562)
(1996, 74769345)
(1996, 79212469)
(1996, -640784)
(1996, 8269963)
(1996, 120036382)
(1996, 5982579)
(1996, 112266007)
(1996, -7806769)
(1996, -8380986)
(1996, 90400000)
(1996, 229492681)
(1996, 10209334)
(1996, -2540584)
(1996, 16231658)
(1996, 4917287)
(1996, -9400000)
(1996, 6643776)
(1996, -7722635)
(1996, 49144)
(1996, 8854588)
(1996, -68674)
(1996, 2511317)
(1996, 9627779)
(1996, -2388046)
(1996, 26702483)
(1996, -11100000)
(1996, -19732999)
(1996, 32590886)
(1996, -2250380)
(1996, -20619874)
(1996, -27459641)
(1996, 8917292)
(1996, -14014999)
(1996, 24456761)
(1996, 25000000)
(1996, 3331103)
(1996, -6595000)
(1996, 132798761)
(1996, 4305922)
(1996, 121615285)
(1996, -11272676)
(1996, -15699615)
(1996, -5900000)
(1996, 204976425)
(1996, 104000000)
(1996, 23444121)
(1996, 69832389)
(1996, 8093211)
(1996, -496171)
(1996, 266689294)
(1996, 31371017)
(1996, -2846845)
(1996, 223552592)
(1996, -10196695)
(1996, 159046663)
(1996, 86047179)
(1996, 1109095)
(1996, -2777441)
(1996, -14923618)
(1996, -11)
(1996, -23385734)
(1996, 37000000)
(1997, 25456000)
(1997, 9700000)
(1997, 1640660)
(1997, -26043392)
(1997, -42845460)
(1997, -43533912)
(1997, -23012437)
(1997, 62127760)
(1997, -7410696)
(1997, 68310)
(1997, 11400360)
(1997, -11324799)
(1997, -16869651)
(1997, 6954997)
(1997, 13230799)
(1997, 50063304)
(1997, 257710615)
(1997, 40000000)
(1997, 50807547)
(1997, -28433363)
(1997, 7979739)
(1997, -34208170)
(1997, 91885767)
(1997, 51183989)
(1997, 14159144)
(1997, 173920180)
(1997, 900000)
(1997, 156074524)
(1997, 149012234)
(1997, 4508066)
(1997, -489700)
(1997, 113207122)
(1997, 167712101)
(1997, 261288605)
(1997, 165676146)
(1997, 499390539)
(1997, -19654944)
(1997, 81120329)
(1997, -1830844)
(1997, 29862187)
(1997, -33326758)
(1997, 47840042)
(1997, 20144499)
(1997, 25332015)
(1997, 61982834)
(1997, -14313571)
(1997, -4519510)
(1997, 230156409)
(1997, -14283920)
(1997, 91216940)
(1997, 61457682)
(1997, 33527873)
(1997, 10719109)
(1997, 59423648)
(1997, -44000000)
(1997, -12317902)
(1997, -9961939)
(1997, 11771272)
(1997, 254350122)
(1997, 108586134)
(1997, 95944660)
(1997, -8000000)
(1997, -873943)
(1997, -23467223)
(1997, -30517805)
(1997, 233212670)
(1997, -39458477)
(1997, -21357017)
(1997, 5916769)
(1997, 28101594)
(1997, 16214377)
(1997, 21376861)
(1997, 99330280)
(1997, 86804348)
(1997, -6198245)
(1997, 92000000)
(1997, 38000000)
(1997, -9313159)
(1997, 97977226)
(1997, -3388775)
(1997, 215933435)
(1997, 47082515)
(1997, -9894745)
(1997, 84417389)
(1997, 148363301)
(1997, -1736415)
(1997, 1645034188)
(1997, 223011068)
(1997, -62373766)
(1997, 27673162)
(1997, -22315211)
(1997, 49256513)
(1997, -2697796)
(1997, 75000000)
(1997, -908451)
(1997, 264178011)
(1997, 1057193)
(1997, 3835130)
(1997, 6097767)
(1997, 720000)
(1997, -60939944)
(1997, 251818)
(1997, 209400000)
(1997, 330054)
(1997, -2531766)
(1997, 75114)
(1997, 4570463)
(1997, 132875308)
(1997, -1541185)
(1997, 79000)
(1997, -128404)
(1997, -13161782)
(1997, -162)
(1997, 147001698)
(1998, 52000000)
(1998, 204118201)
(1998, 126883563)
(1998, 31189568)
(1998, 30494066)
(1998, 200316)
(1998, -50129433)
(1998, 9460020)
(1998, -33796974)
(1998, -10795071)
(1998, -13948616)
(1998, 105306987)
(1998, -61900000)
(1998, 42367405)
(1998, 49000000)
(1998, 47200000)
(1998, 31905889)
(1998, -19437854)
(1998, 56159423)
(1998, 143685114)
(1998, -3432147)
(1998, -3019662)
(1998, -9954221)
(1998, -15834440)
(1998, 14007143)
(1998, 65464664)
(1998, -4973029)
(1998, -1827500)
(1998, 249014294)
(1998, -797116)
(1998, -7819725)
(1998, 879254)
(1998, 68038368)
(1998, 94000000)
(1998, 15605015)
(1998, 214320254)
(1998, 123198313)
(1998, 223456605)
(1998, 29745568)
(1998, 875097)
(1998, 413799566)
(1998, 145444603)
(1998, 14682547)
(1998, 3161152)
(1998, 346884651)
(1998, 155288523)
(1998, 2507368)
(1998, 9000000)
(1998, 411840909)
(1998, -5452319)
(1998, 38041738)
(1998, 39705772)
(1998, 30891409)
(1998, -259458)
(1998, -11414584)
(1998, 17672350)
(1998, -289251)
(1998, 86183530)
(1998, 3757163)
(1998, -47)
(1998, 10921898)
(1998, -1746585)
(1998, -24222577)
(1998, 211386864)
(1998, -1875506)
(1998, -13389116)
(1998, 58527595)
(1998, 111757863)
(1998, 13331165)
(1998, -13514957)
(1998, -468779)
(1998, 25671850)
(1998, -28316623)
(1998, -192610)
(1998, -60432117)
(1998, 3875127)
(1998, 902790)
(1998, -3548372)
(1998, 46672912)
(1998, 162991646)
(1998, 52150642)
(1998, -24997888)
(1998, 52940100)
(1998, 160649836)
(1998, 70491683)
(1998, 243258859)
(1998, 2696708)
(1998, -20868140)
(1998, -4556684)
(1998, 5747881)
(1998, -20101588)
(1998, -22858870)
(1998, 48000000)
(1998, 148613188)
(1998, 8096053)
(1998, 264317794)
(1998, 185821495)
(1998, 46126565)
(1998, 25283321)
(1998, 152292902)
(1998, -13297099)
(1998, -16029922)
(1998, 6374)
(1998, 2547569)
(1998, 42482)
(1998, -629249)
(1998, -8504592)
(1998, 5737585)
(1998, 66099508)
(1998, 133644662)
(1998, 115467)
(1998, -2492765)
(1998, 7490429)
(1998, -500000)
(1998, -662000)
(1998, 7800000)
(1998, 13776000)
(1998, 140000)
(1999, -3240702)
(1999, 0)
(1999, 0)
(1999, 130)
(1999, 14600000)
(1999, 9001563)
(1999, -60989310)
(1999, 93166989)
(1999, 71626121)
(1999, -1601011)
(1999, 5263020)
(1999, 38880016)
(1999, -28149899)
(1999, 76820)
(1999, 2827813)
(1999, 852450)
(1999, 56618699)
(1999, 96885658)
(1999, -9843800)
(1999, 65402208)
(1999, -9878900)
(1999, -3237295)
(1999, 24450736)
(1999, 18888180)
(1999, -13000000)
(1999, -36739950)
(1999, 400517383)
(1999, 37478166)
(1999, -46000000)
(1999, 21951622)
(1999, 59565230)
(1999, 920544)
(1999, -6654971)
(1999, 99)
(1999, -12143288)
(1999, 146404396)
(1999, -20847770)
(1999, 335885488)
(1999, 809317558)
(1999, 321889678)
(1999, 2564088)
(1999, -6002193)
(1999, 277940086)
(1999, 298000000)
(1999, 89705852)
(1999, 4535191)
(1999, 200601895)
(1999, 52104681)
(1999, 224483004)
(1999, -7709024)
(1999, 247940000)
(1999, 97091208)
(1999, 29870414)
(1999, 19059640)
(1999, 571408)
(1999, 11188905)
(1999, 1599595)
(1999, 13648228)
(1999, -38237989)
(1999, 239457509)
(1999, 14500000)
(1999, -46840695)
(1999, 632806292)
(1999, 76305181)
(1999, -12000000)
(1999, -2282885)
(1999, -4053763)
(1999, -34332107)
(1999, 7011454)
(1999, -98301101)
(1999, -55401412)
(1999, -58736034)
(1999, 292175)
(1999, 21041732)
(1999, 9133087)
(1999, 341296601)
(1999, 52758500)
(1999, 107841558)
(1999, -1985798)
(1999, 14593409)
(1999, -19111857)
(1999, 33000000)
(1999, 243649)
(1999, 10608570)
(1999, 9540607)
(1999, -6806898)
(1999, -689492)
(1999, 37853753)
(1999, 8900031)
(1999, 25573780)
(1999, 21846082)
(1999, -12140606)
(1999, 9863596)
(1999, -1999993)
(1999, -14088383)
(1999, 78493655)
(1999, -29710088)
(1999, -4346385)
(1999, 20652890)
(1999, 6976317)
(1999, 106071502)
(1999, 226832400)
(1999, 59600000)
(1999, 111989043)
(1999, 407366869)
(1999, -37364904)
(1999, 969176)
(1999, -12172184)
(1999, 48535067)
(1999, 224600000)
(1999, 64545092)
(1999, -6300000)
(1999, 167135367)
(1999, 10874570)
(1999, 11451803)
(1999, -13793872)
(1999, -9070394)
(1999, 45230832)
(1999, -34565570)
(1999, 45683916)
(1999, 88798265)
(1999, 23956241)
(1999, -12)
(1999, -15565854)
(1999, -5969529)
(1999, -1553648)
(1999, 20401898)
(1999, -4758685)
(1999, 24400000)
(1999, 4409377)
(1999, 3400000)
(1999, 3000000)
(1999, 1400000)
(1999, 103949270)
(1999, 9037390)
(1999, 12686644)
(1999, -18468749)
(2000, 8100000)
(2000, 4000000)
(2000, -376209)
(2000, 0)
(2000, 52411275)
(2000, 48827328)
(2000, -75171919)
(2000, -32996704)
(2000, 121834276)
(2000, -8368161)
(2000, 104056873)
(2000, 15554533)
(2000, 960268)
(2000, 2780255)
(2000, -3962091)
(2000, 30187659)
(2000, 65071651)
(2000, -9831030)
(2000, 3000000)
(2000, -572808)
(2000, -637228)
(2000, -29125385)
(2000, 204271286)
(2000, 30302314)
(2000, 66036760)
(2000, -5097885)
(2000, -8172582)
(2000, 17126295)
(2000, -18567273)
(2000, 20007180)
(2000, 37106245)
(2000, -11627590)
(2000, 12609995)
(2000, 11000000)
(2000, 27266564)
(2000, 7036004)
(2000, -8891180)
(2000, 7728118)
(2000, 65666415)
(2000, -23531725)
(2000, 18771174)
(2000, -3271112)
(2000, 354640427)
(2000, -22600000)
(2000, -799075)
(2000, -431251)
(2000, 226748063)
(2000, 103754278)
(2000, 421388105)
(2000, 1932305)
(2000, 143959438)
(2000, 147202299)
(2000, -12700208)
(2000, 4627372)
(2000, 61196498)
(2000, -38245366)
(2000, 179834564)
(2000, 98270999)
(2000, 105294342)
(2000, -40865180)
(2000, 205756637)
(2000, 4700000)
(2000, 259019771)
(2000, 221339527)
(2000, -9782502)
(2000, 55464351)
(2000, 39307945)
(2000, 68916474)
(2000, 95213455)
(2000, 63884132)
(2000, 16330482)
(2000, 71155843)
(2000, -9800895)
(2000, 62449929)
(2000, -9156392)
(2000, 10625401)
(2000, -12616311)
(2000, -24739438)
(2000, 24574362)
(2000, 27231879)
(2000, 744858)
(2000, 106706683)
(2000, -44187007)
(2000, 275444045)
(2000, 2890108)
(2000, -10300000)
(2000, 105000000)
(2000, 42383208)
(2000, 15707411)
(2000, -8444012)
(2000, 172105545)
(2000, -40540573)
(2000, 16814909)
(2000, -46536031)
(2000, 14085477)
(2000, 1779296)
(2000, 222141403)
(2000, 73)
(2000, 98611771)
(2000, -6439124)
(2000, 173118121)
(2000, 196525736)
(2000, -19814759)
(2000, 140663859)
(2000, 73557872)
(2000, 127500343)
(2000, 60180723)
(2000, 69327687)
(2000, 2)
(2000, 304111707)
(2000, 37049764)
(2000, 2008642)
(2000, 339632142)
(2000, -4835596)
(2000, 167000000)
(2000, 45868327)
(2000, 5000337)
(2000, -45433254)
(2000, 159515725)
(2000, 279017)
(2000, -220863)
(2000, 170806)
(2000, 30723096)
(2000, 18908467)
(2000, 52411275)
(2000, 3250000)
(2000, -105096)
(2000, -1659907)
(2000, -28925)
(2000, -15890870)
(2000, 20500000)
(2000, 0)
(2000, 1000000)
(2000, -1198596)
(2001, 30140000)
(2001, 0)
(2001, 0)
(2001, 1774000)
(2001, -11804390)
(2001, 78038276)
(2001, -5600000)
(2001, 2276953)
(2001, 59728529)
(2001, -3575530)
(2001, 264692268)
(2001, -2648431)
(2001, 34460850)
(2001, 25754228)
(2001, -69590483)
(2001, -43279825)
(2001, 90845033)
(2001, -3640020)
(2001, 28976270)
(2001, 29958599)
(2001, 112934180)
(2001, 12430766)
(2001, 7008462)
(2001, 45178561)
(2001, 30282296)
(2001, -147794)
(2001, 256929795)
(2001, 13287695)
(2001, 18288674)
(2001, -39255262)
(2001, -79627709)
(2001, 335013274)
(2001, 52487473)
(2001, -23300000)
(2001, 424409218)
(2001, 126713434)
(2001, 309220945)
(2001, 62772742)
(2001, 18376292)
(2001, 45080413)
(2001, 66053725)
(2001, 159703340)
(2001, 106104344)
(2001, 169283925)
(2001, 135926552)
(2001, 13381649)
(2001, 3929123)
(2001, 33375151)
(2001, 39437847)
(2001, 96220678)
(2001, -51868170)
(2001, 123774679)
(2001, 3069884)
(2001, 476060)
(2001, 275780809)
(2001, 262211740)
(2001, -356281)
(2001, -4704794)
(2001, -6597680)
(2001, 128335153)
(2001, 257325802)
(2001, 257553595)
(2001, -61403089)
(2001, -21321087)
(2001, -1126033)
(2001, 5112895)
(2001, 37498534)
(2001, 11788161)
(2001, -13989168)
(2001, -14306109)
(2001, 49217789)
(2001, -12946185)
(2001, -40008098)
(2001, 967192)
(2001, -6380391)
(2001, 8222729)
(2001, -16728334)
(2001, 59876233)
(2001, 1402459)
(2001, 50020092)
(2001, -6814219)
(2001, 32780981)
(2001, 13642838)
(2001, 5292381)
(2001, 49516304)
(2001, -7368097)
(2001, 12978402)
(2001, 5117339)
(2001, -2683342)
(2001, 39558115)
(2001, -44357293)
(2001, -12256692)
(2001, 2315140)
(2001, -4729478)
(2001, -20750706)
(2001, 447816256)
(2001, 23700000)
(2001, 390475)
(2001, 101069860)
(2001, 3229331)
(2001, 851475550)
(2001, -3974762)
(2001, -9217324)
(2001, 51049560)
(2001, 1959020)
(2001, 51753202)
(2001, 365717150)
(2001, 163921954)
(2001, 50468332)
(2001, 135388341)
(2001, 50441250)
(2001, 19155435)
(2001, 55936232)
(2001, 778368364)
(2001, -34682442)
(2001, 253542341)
(2001, -19286175)
(2001, 80989651)
(2001, 67954044)
(2001, 70542418)
(2001, 40909486)
(2001, 41752904)
(2001, -340)
(2001, 81289342)
(2001, 15492362)
(2001, 9013424)
(2001, 28616692)
(2001, 6801375)
(2001, 2110448)
(2001, -3353006)
(2001, -5294692)
(2001, 5951798)
(2001, -1083075)
(2001, 3936931)
(2001, 259925095)
(2001, -3000000)
(2001, -14)
(2001, -14977000)
(2001, -15649317)
(2001, -2279629)
(2001, 2900000)
(2001, 826094)
(2001, -21847446)
(2001, 2020000)
(2001, -14836831)
(2001, 423156)
(2002, 4500000)
(2002, 12793283)
(2002, 3013805)
(2002, -4659688)
(2002, 3000000)
(2002, 5750000)
(2002, 0)
(2002, 86000)
(2002, -491000)
(2002, 0)
(2002, -31506110)
(2002, 40395048)
(2002, 23157539)
(2002, 30227069)
(2002, -7586085)
(2002, 37970014)
(2002, -6617567)
(2002, 49141030)
(2002, -37712956)
(2002, 66244770)
(2002, 89862682)
(2002, -7677600)
(2002, 10479110)
(2002, 39660784)
(2002, 11482931)
(2002, 43729176)
(2002, 506446)
(2002, 324257136)
(2002, 69984862)
(2002, -7258268)
(2002, 101010032)
(2002, 12793283)
(2002, 148397415)
(2002, 55597042)
(2002, 21781810)
(2002, 33275483)
(2002, 49935764)
(2002, 25696770)
(2002, 363744044)
(2002, 6714147)
(2002, 105333180)
(2002, -23127329)
(2002, -17323302)
(2002, 682708551)
(2002, 69137784)
(2002, 102000000)
(2002, 529398328)
(2002, 13801187)
(2002, 67714830)
(2002, 42563539)
(2002, 125000000)
(2002, 16604473)
(2002, -4022705)
(2002, 1852801)
(2002, 154034224)
(2002, 191650703)
(2002, -37371735)
(2002, 65771527)
(2002, 256372926)
(2002, 121269535)
(2002, 301818803)
(2002, 1411644)
(2002, -16938018)
(2002, 101001478)
(2002, 24664855)
(2002, -64831034)
(2002, 49956806)
(2002, 233655431)
(2002, 1394436)
(2002, 2741288)
(2002, 336247917)
(2002, 81723358)
(2002, 8856124)
(2002, -23800483)
(2002, 207448382)
(2002, 16184015)
(2002, -92896027)
(2002, 26842679)
(2002, -14886267)
(2002, 40223306)
(2002, -12069815)
(2002, -7601372)
(2002, -21097985)
(2002, -17566085)
(2002, 25911240)
(2002, 63781642)
(2002, 22928932)
(2002, -4222535)
(2002, -50075967)
(2002, -5117355)
(2002, -23083131)
(2002, 5304609)
(2002, 150622424)
(2002, -10988950)
(2002, 131196298)
(2002, 19362712)
(2002, 4158074)
(2002, 31564473)
(2002, -8000000)
(2002, -9401355)
(2002, -14280643)
(2002, 201348933)
(2002, -4937934)
(2002, -2986692)
(2002, 33349884)
(2002, 59282312)
(2002, 44298474)
(2002, -36438863)
(2002, 107855065)
(2002, -18161090)
(2002, 174000000)
(2002, 15527914)
(2002, 776688482)
(2002, -3254130)
(2002, 291971116)
(2002, 13526835)
(2002, -2325876)
(2002, 41716081)
(2002, -29040525)
(2002, -16997242)
(2002, -30421885)
(2002, -4996865)
(2002, 14591272)
(2002, 13801173)
(2002, -14640355)
(2002, 37588485)
(2002, 99906693)
(2002, 7312826)
(2002, 75834556)
(2002, 847287400)
(2002, -1939157)
(2002, 10867586)
(2002, 93772504)
(2002, 33354918)
(2002, 6133747)
(2002, 300114312)
(2002, 1323171)
(2002, 261776732)
(2002, 16597830)
(2002, 85072577)
(2002, 3013805)
(2002, 27341770)
(2002, -349723)
(2002, -5762530)
(2002, 73078482)
(2002, -11413624)
(2002, 2016116)
(2002, 84837138)
(2002, -2442138)
(2002, -536000)
(2002, -1402201)
(2002, 77719885)
(2002, -3853598)
(2002, 146394432)
(2002, -48583698)
(2002, -852259)
(2002, -105992)
(2002, -2045063)
(2002, 2338987)
(2003, 7488102)
(2003, 2)
(2003, -327270)
(2003, -1966300)
(2003, 83564935)
(2003, -2567837)
(2003, -489399)
(2003, 64426405)
(2003, 127371441)
(2003, 38323487)
(2003, 101179718)
(2003, 115680000)
(2003, -43076064)
(2003, -11044402)
(2003, 63055349)
(2003, 31489558)
(2003, 112675402)
(2003, 15632458)
(2003, -20765992)
(2003, 7715436)
(2003, -7207439)
(2003, 14208267)
(2003, 8350926)
(2003, -7290849)
(2003, 120745823)
(2003, 4040871)
(2003, 9829545)
(2003, 12750246)
(2003, 60259536)
(2003, 38534455)
(2003, 297711549)
(2003, 104433867)
(2003, 588599701)
(2003, -14701793)
(2003, 404572835)
(2003, 846335536)
(2003, 116070171)
(2003, 16050575)
(2003, 160350661)
(2003, 33400000)
(2003, 20267515)
(2003, -7077834)
(2003, -23857341)
(2003, -14631103)
(2003, 139175788)
(2003, 108360480)
(2003, 79914842)
(2003, -33711680)
(2003, 235000000)
(2003, 14641323)
(2003, 515011224)
(2003, 101265204)
(2003, 143339556)
(2003, 120583018)
(2003, 61505388)
(2003, 61336445)
(2003, 159011982)
(2003, 176449203)
(2003, -46733791)
(2003, 84230332)
(2003, 36643346)
(2003, 84908830)
(2003, 46296293)
(2003, 17095657)
(2003, 30795814)
(2003, -18324294)
(2003, 46102666)
(2003, -23439194)
(2003, -4257102)
(2003, 29053394)
(2003, 3565672)
(2003, 69185582)
(2003, 115723856)
(2003, 15238577)
(2003, 73708457)
(2003, -20677865)
(2003, -4083508)
(2003, 40878723)
(2003, -1330097)
(2003, -6522324)
(2003, 5495563)
(2003, 96282949)
(2003, 8179814)
(2003, -2533556)
(2003, 131822020)
(2003, 6818181)
(2003, 59940815)
(2003, 150949000)
(2003, 20154140)
(2003, 97571655)
(2003, 3000000)
(2003, -15430082)
(2003, -11999977)
(2003, 20277485)
(2003, 172673217)
(2003, 7012022)
(2003, -3055248)
(2003, 274988211)
(2003, 141398518)
(2003, 204931766)
(2003, -11485156)
(2003, 62011111)
(2003, 7508524)
(2003, 101591324)
(2003, 40427839)
(2003, -4567658)
(2003, 53488889)
(2003, 92290266)
(2003, -36064237)
(2003, 44646763)
(2003, 316758981)
(2003, 52919055)
(2003, 186728738)
(2003, -21171682)
(2003, 1024888979)
(2003, 86542059)
(2003, 442795)
(2003, 52378584)
(2003, 150212113)
(2003, 94013509)
(2003, 36269812)
(2003, 21975011)
(2003, -12718415)
(2003, -30061)
(2003, 121165)
(2003, 2601043)
(2003, 74584880)
(2003, -143702)
(2003, 6680836)
(2003, -3900000)
(2003, -737148)
(2003, -1437747)
(2003, 50997208)
(2003, 1161796)
(2003, -7795291)
(2003, 11980005)
(2003, -5930910)
(2003, 900000)
(2003, -9974200)
(2003, 1)
(2004, -1288163)
(2004, 9700000)
(2004, 5750000)
(2004, -4152353)
(2004, -2270000)
(2004, -3765639)
(2004, -22999988)
(2004, 129963386)
(2004, 6546197)
(2004, 83060858)
(2004, -19902)
(2004, -43191450)
(2004, 47070412)
(2004, -1297136)
(2004, 36445708)
(2004, 121482882)
(2004, -16000000)
(2004, -32385720)
(2004, 14331068)
(2004, -4203153)
(2004, 581899420)
(2004, -3498345)
(2004, 2685016)
(2004, -24805000)
(2004, 8103450)
(2004, 110268750)
(2004, 2818995)
(2004, 5411183)
(2004, 52913171)
(2004, -11137288)
(2004, 74356381)
(2004, 52258126)
(2004, 20470529)
(2004, 1098382)
(2004, 2923000)
(2004, 33318987)
(2004, -6048539)
(2004, 1223890)
(2004, 19179516)
(2004, -119180039)
(2004, -3611233)
(2004, -13844219)
(2004, -8658984)
(2004, 122159461)
(2004, 21700105)
(2004, 59455697)
(2004, 60293714)
(2004, 5114487)
(2004, 2016165)
(2004, 112042871)
(2004, -5706207)
(2004, 140257475)
(2004, 322409852)
(2004, 769838758)
(2004, 419272402)
(2004, -281389)
(2004, -1177654)
(2004, 659804554)
(2004, -5851171)
(2004, 10772733)
(2004, 150804534)
(2004, 12000000)
(2004, 45718097)
(2004, 28510078)
(2004, -37821105)
(2004, 147722310)
(2004, 159417255)
(2004, 76086475)
(2004, 86603229)
(2004, -12327950)
(2004, 113114517)
(2004, 583766341)
(2004, 13292615)
(2004, 83567857)
(2004, 64574188)
(2004, 51067909)
(2004, 227234916)
(2004, 213500217)
(2004, -17897621)
(2004, -4951045)
(2004, 16105964)
(2004, -28716363)
(2004, 196697520)
(2004, 24281723)
(2004, 152764291)
(2004, -12965168)
(2004, 14936908)
(2004, 55149435)
(2004, 101183863)
(2004, 9170410)
(2004, -962455)
(2004, 50631118)
(2004, -1999414)
(2004, 50992898)
(2004, -14000000)
(2004, -6876149)
(2004, -15999988)
(2004, -3394237)
(2004, -16998743)
(2004, 31422687)
(2004, 84394835)
(2004, -8199698)
(2004, -12041304)
(2004, 10512007)
(2004, 75575636)
(2004, -13085834)
(2004, 26039392)
(2004, 292275019)
(2004, 14541707)
(2004, -132486)
(2004, 11609966)
(2004, 417760)
(2004, 120128460)
(2004, 18907422)
(2004, 31255921)
(2004, -30206376)
(2004, 173474602)
(2004, -46604061)
(2004, 93502303)
(2004, 3203235)
(2004, 102711669)
(2004, 84731534)
(2004, 539442092)
(2004, 140875730)
(2004, 12829644)
(2004, 1347797)
(2004, -9796980)
(2004, 91766556)
(2004, 22385320)
(2004, 247451894)
(2004, 35266982)
(2004, 110161792)
(2004, 12298192)
(2004, 88505027)
(2004, 252744280)
(2004, 63905366)
(2004, -15825682)
(2004, 7271312)
(2004, 69073645)
(2004, -11836464)
(2004, 25729221)
(2004, -24958633)
(2004, 54537954)
(2004, 5350214)
(2004, -23990820)
(2004, 103943)
(2004, -7634866)
(2004, 3165061)
(2004, 566000)
(2004, -4469784)
(2004, 186763646)
(2004, 20500000)
(2004, -15191597)
(2004, -14000000)
(2004, 84648887)
(2004, 436642939)
(2004, -8538011)
(2004, 73841160)
(2004, 210710455)
(2004, 27800000)
(2004, 80914445)
(2004, 3804016)
(2004, -735781)
(2004, 91910061)
(2004, 574623)
(2004, -1879380)
(2004, 102103)
(2004, -2415869)
(2004, 25776000)
(2004, -1120958)
(2004, 0)
(2004, 10500000)
(2004, 10954476)
(2005, 3250000)
(2005, 4000000)
(2005, 5309930)
(2005, 600000)
(2005, -1303319)
(2005, -1983656)
(2005, -4474968)
(2005, 4762833)
(2005, 215063)
(2005, -74010360)
(2005, -7873775)
(2005, 82944923)
(2005, 111451538)
(2005, 324968763)
(2005, 81196419)
(2005, 13681566)
(2005, 63772522)
(2005, 46669806)
(2005, 5294470)
(2005, 65918663)
(2005, -9557192)
(2005, 97644820)
(2005, 47192859)
(2005, 32175038)
(2005, -459)
(2005, 298100420)
(2005, -1346379)
(2005, 130884728)
(2005, 18645546)
(2005, -15705099)
(2005, 57006880)
(2005, 42226116)
(2005, 25944725)
(2005, 185696994)
(2005, 2645491)
(2005, 33915888)
(2005, -787706)
(2005, 118733820)
(2005, 11351350)
(2005, -10730514)
(2005, 20451307)
(2005, 54478416)
(2005, 89047131)
(2005, 12886719)
(2005, 11073932)
(2005, 81643158)
(2005, 28766121)
(2005, 5871113)
(2005, 737000000)
(2005, 11070433)
(2005, 111749918)
(2005, 457680671)
(2005, -29748505)
(2005, 108320568)
(2005, 20539911)
(2005, 14053061)
(2005, -11588043)
(2005, 368207520)
(2005, 19425966)
(2005, 224218673)
(2005, 16002004)
(2005, 31770602)
(2005, 46426169)
(2005, 459739379)
(2005, 119392239)
(2005, -28190986)
(2005, -4526907)
(2005, 230579719)
(2005, 1450211)
(2005, 245176741)
(2005, 10727301)
(2005, 15563727)
(2005, 36949164)
(2005, 4252847)
(2005, 51369815)
(2005, -58067057)
(2005, 28405313)
(2005, -130536)
(2005, 35742101)
(2005, -7357000)
(2005, 60803676)
(2005, 400154)
(2005, 48974818)
(2005, 47374674)
(2005, -69833498)
(2005, 83449237)
(2005, 31891803)
(2005, -15521894)
(2005, 17316267)
(2005, -14992009)
(2005, -7953834)
(2005, 57466670)
(2005, 53167639)
(2005, 44854431)
(2005, -12464669)
(2005, -17872105)
(2005, 9047674)
(2005, -4302070)
(2005, -4012679)
(2005, -27055498)
(2005, 15637690)
(2005, -9695999)
(2005, -11381716)
(2005, 125216468)
(2005, 168387299)
(2005, 77195061)
(2005, 28740827)
(2005, -7906294)
(2005, -9568823)
(2005, 42084830)
(2005, -5565561)
(2005, -3133001)
(2005, 162452832)
(2005, 785148)
(2005, -2389127)
(2005, 9598131)
(2005, -4473491)
(2005, 164043761)
(2005, -4965111)
(2005, -9775758)
(2005, 47600000)
(2005, 3048693)
(2005, 28201432)
(2005, 1303682)
(2005, -41657868)
(2005, 67400065)
(2005, -7517225)
(2005, 148925093)
(2005, -12124134)
(2005, -13525082)
(2005, 24889998)
(2005, 164432665)
(2005, -4290845)
(2005, 6442528)
(2005, 44000000)
(2005, 35479076)
(2005, 93147947)
(2005, 26762648)
(2005, 745921036)
(2005, 158438883)
(2005, -8329380)
(2005, -678499)
(2005, -7143011)
(2005, 27028752)
(2005, 70306374)
(2005, 568806957)
(2005, 343000000)
(2005, 77242962)
(2005, 7297244)
(2005, -11915033)
(2005, -2963851)
(2005, 60358911)
(2005, -6941665)
(2005, 12350369)
(2005, 18933562)
(2005, 69181830)
(2005, 102026112)
(2005, 18395702)
(2005, 536013)
(2005, -22594580)
(2005, 75778934)
(2005, 36053787)
(2005, -3747675)
(2005, 97489822)
(2005, 8718595)
(2005, -4543129)
(2005, 18293509)
(2005, 6879971)
(2005, 3444254)
(2005, 6072209)
(2005, -1348265)
(2005, 21165581)
(2005, -7147128)
(2005, -304313)
(2005, -5213764)
(2005, -1687238)
(2005, 970953)
(2005, -19989711)
(2005, -11433389)
(2005, -518580)
(2005, 5547000)
(2005, 14500000)
(2005, 3967038)
(2005, 4032826)
(2005, -14262385)
(2005, -5980991)
(2005, 33579805)
(2005, -5000)
(2006, 35396427)
(2006, 250000)
(2006, 0)
(2006, 166214)
(2006, 4000000)
(2006, -3217212)
(2006, -5174908)
(2006, -1031577)
(2006, 9600000)
(2006, -988545)
(2006, -1080269)
(2006, 16875908)
(2006, 528612)
(2006, -1040082)
(2006, -3000000)
(2006, -6600039)
(2006, 61340801)
(2006, -24503683)
(2006, -8503008)
(2006, 98259062)
(2006, 92719158)
(2006, 19834815)
(2006, 37800000)
(2006, 51966987)
(2006, -23009372)
(2006, -3386217)
(2006, 80455994)
(2006, 28548426)
(2006, -7500000)
(2006, 51231524)
(2006, 1070211)
(2006, 10159905)
(2006, -8092315)
(2006, 10664721)
(2006, 78406887)
(2006, 580940780)
(2006, 78511035)
(2006, 13889159)
(2006, -10363363)
(2006, 139376254)
(2006, 11006849)
(2006, 235018)
(2006, 54623713)
(2006, 11112916)
(2006, 68000000)
(2006, 4742066)
(2006, 29308881)
(2006, 72682540)
(2006, 10948425)
(2006, 18105095)
(2006, -31370522)
(2006, 1170563)
(2006, -16168652)
(2006, 6868437)
(2006, 133262620)
(2006, 17920346)
(2006, -42615954)
(2006, 47607453)
(2006, -9685973)
(2006, 247850012)
(2006, 37528173)
(2006, 61286096)
(2006, 263397247)
(2006, 21674817)
(2006, 642820459)
(2006, 249359555)
(2006, 152999686)
(2006, 341983149)
(2006, 94188334)
(2006, 48197993)
(2006, 74830111)
(2006, 155181299)
(2006, 291551094)
(2006, 865659812)
(2006, 76431368)
(2006, 21888376)
(2006, -32714831)
(2006, 20474340)
(2006, 678874)
(2006, 45243000)
(2006, 73468292)
(2006, 121081192)
(2006, 92523181)
(2006, 110330182)
(2006, 37595121)
(2006, 65175006)
(2006, 29022014)
(2006, 27584901)
(2006, 90466177)
(2006, 464480841)
(2006, 99945894)
(2006, 23653224)
(2006, 28794509)
(2006, 252077295)
(2006, 23009669)
(2006, 5181129)
(2006, 30931041)
(2006, 21779000)
(2006, 102194847)
(2006, -22493812)
(2006, 4671300)
(2006, 4211725)
(2006, 15505009)
(2006, 46915017)
(2006, 108384128)
(2006, 1679969)
(2006, -1244927)
(2006, 1200000)
(2006, 16389018)
(2006, 17597471)
(2006, -1377194)
(2006, -29504697)
(2006, -19695110)
(2006, 3524340)
(2006, -888798)
(2006, 11480851)
(2006, 80175290)
(2006, -42200000)
(2006, 61778712)
(2006, -45549103)
(2006, 523525)
(2006, 243572744)
(2006, 64258226)
(2006, -14988268)
(2006, 112309027)
(2006, -2192431)
(2006, 199847354)
(2006, 26368909)
(2006, -16062130)
(2006, -5245102)
(2006, 19143839)
(2006, 21237648)
(2006, 2165608)
(2006, -11848670)
(2006, -6608826)
(2006, -11178342)
(2006, 10078331)
(2006, 42027970)
(2006, 3179037)
(2006, -6040249)
(2006, 69676311)
(2006, -24099751)
(2006, 6000000)
(2006, 153876815)
(2006, -1833000)
(2006, -84540684)
(2006, 82180323)
(2006, 72500122)
(2006, 7064105)
(2006, -3007986)
(2006, -6457975)
(2006, 449045960)
(2006, 284335608)
(2006, 630045)
(2006, 105557550)
(2006, 109168700)
(2006, -10618335)
(2006, -8594405)
(2006, 70877916)
(2006, 59000000)
(2006, 149288105)
(2006, 131721132)
(2006, -14518911)
(2006, 245327)
(2006, -21454636)
(2006, -25091435)
(2006, 84937680)
(2006, 9401952)
(2006, 34469904)
(2006, -20519686)
(2006, -26085092)
(2006, 49673228)
(2006, 12510851)
(2006, -8914222)
(2006, 5078241)
(2006, 21944236)
(2006, -8841513)
(2006, 40103895)
(2006, -8142633)
(2006, -1869111)
(2006, -8114566)
(2006, 8463701)
(2006, -361772)
(2006, -1166493)
(2006, -4096154)
(2006, -829000)
(2006, -1999970)
(2006, 357610419)
(2006, 13)
(2006, 77489643)
(2006, 8138836)
(2006, 5193068)
(2006, -16803693)
(2006, -13227539)
(2006, -40551918)
(2006, -19450800)
(2006, 46000000)
(2006, 34662717)
(2006, 5796544)
(2006, 4059140)
(2006, -1700000)
(2006, -989982)
(2006, -7573776)
(2006, -2822857)
(2006, -1734802)
(2006, 9302151)
(2006, -7856549)
(2006, 1)
(2006, -16625257)
(2006, -817299)
(2006, -661000)
(2006, -1889000)
(2006, -678046)
(2006, 7793200)
(2006, 166000)
(2006, -992798)
(2006, -4974100)
(2007, 2184165)
(2007, -13990784)
(2007, 1000000)
(2007, -128323)
(2007, 2200709)
(2007, -595215)
(2007, -5969000)
(2007, 50635037)
(2007, 5171900)
(2007, 7000000)
(2007, -3587000)
(2007, 20170784)
(2007, -9662523)
(2007, 62511123)
(2007, 15399945)
(2007, 77587063)
(2007, 20179430)
(2007, 66865564)
(2007, -14890340)
(2007, 32169884)
(2007, 35673607)
(2007, 473722818)
(2007, 118738393)
(2007, 21609243)
(2007, 105896422)
(2007, 47566815)
(2007, 10342161)
(2007, 68573774)
(2007, 6066841)
(2007, 19785914)
(2007, 20811672)
(2007, 2196245)
(2007, 64146832)
(2007, 2217407)
(2007, 2222308)
(2007, 34696996)
(2007, 61608995)
(2007, -10632970)
(2007, 22771059)
(2007, 19332978)
(2007, -17982197)
(2007, 12295611)
(2007, 97760134)
(2007, -14177139)
(2007, 16300645)
(2007, 7500000)
(2007, 204736344)
(2007, -3189887)
(2007, 632871626)
(2007, 189076518)
(2007, 40450008)
(2007, 49238440)
(2007, 638958165)
(2007, 20550513)
(2007, 661000000)
(2007, 21637263)
(2007, -6044961)
(2007, -13069116)
(2007, 226312624)
(2007, 25419521)
(2007, 64044513)
(2007, 159047763)
(2007, 37897)
(2007, 15538513)
(2007, 2928871)
(2007, 69679598)
(2007, -8999954)
(2007, 273531464)
(2007, 34307224)
(2007, -2000000)
(2007, 559709780)
(2007, -14373200)
(2007, 788212738)
(2007, 101072214)
(2007, 65560026)
(2007, 452068851)
(2007, -2379601)
(2007, 64601050)
(2007, 372824138)
(2007, -1573149)
(2007, 101463226)
(2007, 118022233)
(2007, -41696962)
(2007, -2879925)
(2007, 16658558)
(2007, 12197398)
(2007, -64928486)
(2007, 15452643)
(2007, 27738099)
(2007, 65253908)
(2007, -3025541)
(2007, -14979620)
(2007, 15016220)
(2007, -12179359)
(2007, 99266061)
(2007, 333273)
(2007, -568377)
(2007, -233381)
(2007, 6541790)
(2007, -14423505)
(2007, -3953526)
(2007, 3612356)
(2007, -7541768)
(2007, -21586546)
(2007, 103412065)
(2007, 34192128)
(2007, 41255142)
(2007, 125880543)
(2007, 67766650)
(2007, 43377859)
(2007, 8377151)
(2007, 33926886)
(2007, 19237563)
(2007, 67991835)
(2007, -706337)
(2007, 45505973)
(2007, -2751330)
(2007, -13150858)
(2007, 15619699)
(2007, -15288207)
(2007, 14004565)
(2007, 40184721)
(2007, 129352633)
(2007, 166465037)
(2007, 137594577)
(2007, 7005257)
(2007, 5777647)
(2007, 146600000)
(2007, -981521)
(2007, 41122026)
(2007, 28215872)
(2007, -2161651)
(2007, 125735876)
(2007, -40392392)
(2007, 3537453)
(2007, 39096190)
(2007, 255487652)
(2007, 75965753)
(2007, -233760)
(2007, 28607444)
(2007, -71626175)
(2007, 192234864)
(2007, 435349010)
(2007, 301366633)
(2007, -15998879)
(2007, 223911584)
(2007, 11786738)
(2007, -4217898)
(2007, 130372502)
(2007, 53276047)
(2007, 102000000)
(2007, 327363168)
(2007, 52208711)
(2007, 44000410)
(2007, 1797066)
(2007, -16682849)
(2007, 15226144)
(2007, 63071443)
(2007, 126835339)
(2007, 25830000)
(2007, -16412596)
(2007, 28948000)
(2007, -13180413)
(2007, 199905)
(2007, 7730842)
(2007, 23000000)
(2007, -725339)
(2007, -7061128)
(2007, 8527510)
(2007, 3364858)
(2007, -7939359)
(2007, 12925)
(2007, 18786960)
(2007, -32589251)
(2007, 2870249)
(2007, -4653408)
(2007, 1463286)
(2007, -279849)
(2007, 9523313)
(2007, -11619671)
(2007, -668424)
(2007, -1074742)
(2007, -3445053)
(2007, -4002307)
(2007, -3666088)
(2007, -7091153)
(2007, -2046802)
(2007, -3092544)
(2007, -1326934)
(2007, 94000000)
(2007, -1550055)
(2007, 2101046)
(2007, 193340800)
(2007, 2300000)
(2007, 26300000)
(2007, -965000)
(2007, -8294000)
(2007, -6714803)
(2007, -2428096)
(2008, -15000000)
(2008, 2100000)
(2008, 12896728)
(2008, 940000)
(2008, 11244858)
(2008, 591248)
(2008, -1690000)
(2008, 11000000)
(2008, 4830000)
(2008, 8800000)
(2008, 7200000)
(2008, 10000000)
(2008, 2010000)
(2008, 6820000)
(2008, -394745)
(2008, 677492)
(2008, 14850711)
(2008, 6713500)
(2008, -1726863)
(2008, 130259319)
(2008, 145764026)
(2008, -2516590)
(2008, 63244290)
(2008, 54646831)
(2008, 44309766)
(2008, 75388063)
(2008, 19533783)
(2008, 8650785)
(2008, 41231041)
(2008, 137231186)
(2008, 111161491)
(2008, 72839667)
(2008, 127816700)
(2008, 4623200)
(2008, 161000000)
(2008, 44822796)
(2008, -7788574)
(2008, 212138014)
(2008, -20180936)
(2008, 1731128)
(2008, -18326578)
(2008, 819558444)
(2008, 21627431)
(2008, 34823199)
(2008, 3569964)
(2008, -16700508)
(2008, -13792870)
(2008, -4700000)
(2008, 63076342)
(2008, 75173115)
(2008, -9128166)
(2008, 45569869)
(2008, 31493123)
(2008, -26054234)
(2008, 72906624)
(2008, -7258702)
(2008, 33833449)
(2008, 4200000)
(2008, 445174222)
(2008, 44601681)
(2008, 201830568)
(2008, 1900000)
(2008, 135000000)
(2008, 194651413)
(2008, -3703816)
(2008, 601636033)
(2008, 350252786)
(2008, 73391145)
(2008, 501744560)
(2008, 111596308)
(2008, 103403799)
(2008, 13712074)
(2008, -32600000)
(2008, 341311860)
(2008, 183270008)
(2008, 474029371)
(2008, 150685453)
(2008, -3100025)
(2008, 557841637)
(2008, 42191886)
(2008, 56702060)
(2008, -9349921)
(2008, -9073590)
(2008, 26800345)
(2008, 63107642)
(2008, -6795709)
(2008, 38369434)
(2008, 256128639)
(2008, -3400000)
(2008, -11466773)
(2008, -959412)
(2008, 81408652)
(2008, 74624843)
(2008, 47473609)
(2008, 17352417)
(2008, 1894347)
(2008, 96072649)
(2008, 59782844)
(2008, -5966835)
(2008, 9125849)
(2008, 6785801)
(2008, 28762516)
(2008, 45442940)
(2008, -6237110)
(2008, 37436439)
(2008, 126720069)
(2008, -10890716)
(2008, 2108608)
(2008, 1530831)
(2008, -769724)
(2008, 34007546)
(2008, -20968663)
(2008, -2512610)
(2008, 13174566)
(2008, 7640028)
(2008, 211394)
(2008, -35676167)
(2008, 98066569)
(2008, -9713701)
(2008, 23973937)
(2008, 43280098)
(2008, -37130952)
(2008, 50416905)
(2008, 18105111)
(2008, 4406464)
(2008, 16620508)
(2008, 27105395)
(2008, -13000000)
(2008, 11500000)
(2008, 28855419)
(2008, 1148328)
(2008, -30206504)
(2008, 7739015)
(2008, 453900354)
(2008, 36135878)
(2008, -5155021)
(2008, 58020255)
(2008, 362910544)
(2008, 386090727)
(2008, 64380927)
(2008, -5723109)
(2008, 103057533)
(2008, -244064)
(2008, -5608590)
(2008, 129281606)
(2008, -80445998)
(2008, 159979994)
(2008, 34586584)
(2008, 355616625)
(2008, 78979549)
(2008, 83733697)
(2008, 7916563)
(2008, -2384507)
(2008, 32956317)
(2008, 5000000)
(2008, -10410627)
(2008, 153093859)
(2008, 30907234)
(2008, 236958228)
(2008, 81019290)
(2008, 113167691)
(2008, 38703995)
(2008, 183932083)
(2008, 155990978)
(2008, 125276000)
(2008, 132874442)
(2008, 830137)
(2008, 40225693)
(2008, -5930503)
(2008, 1972336)
(2008, 19155219)
(2008, 184082376)
(2008, 145801819)
(2008, 10173020)
(2008, -23000000)
(2008, -9122855)
(2008, -2509626)
(2008, -9192000)
(2008, -42966317)
(2008, -8851818)
(2008, 3985366)
(2008, 4550000)
(2008, -199997)
(2008, 436663)
(2008, 11174377)
(2008, -11313298)
(2008, -17617826)
(2008, -14469236)
(2008, 27000000)
(2008, -14665155)
(2008, 2030712)
(2008, -4929670)
(2008, -11430436)
(2008, -6650334)
(2008, -2392441)
(2008, -2833925)
(2008, -13856144)
(2008, 35649600)
(2008, -17959761)
(2008, 11000000)
(2008, -14683000)
(2008, -999943)
(2008, 66900000)
(2008, 4500000)
(2008, 1810383)
(2008, -3469952)
(2008, -3843089)
(2008, -11750000)
(2009, -488724)
(2009, 8000000)
(2009, 9130000)
(2009, 5612193)
(2009, -8184108)
(2009, 3600000)
(2009, 14769061)
(2009, 11084261)
(2009, -5122878)
(2009, 204408)
(2009, 12566040)
(2009, -358972)
(2009, 55258983)
(2009, -4364695)
(2009, 84663461)
(2009, 85734718)
(2009, 56353501)
(2009, 157293131)
(2009, 60514050)
(2009, 33610009)
(2009, 64596398)
(2009, 7465299)
(2009, 10161391)
(2009, 137259441)
(2009, 38034460)
(2009, -13541018)
(2009, -37235799)
(2009, -2100583)
(2009, 72379051)
(2009, 50636986)
(2009, -18146652)
(2009, 105446362)
(2009, 91345682)
(2009, 206509870)
(2009, 7664377)
(2009, 68332743)
(2009, 278164265)
(2009, -13651216)
(2009, 116267476)
(2009, 249131050)
(2009, 27784194)
(2009, 14560577)
(2009, 4760104)
(2009, -7590111)
(2009, 223062864)
(2009, -692038)
(2009, 235680446)
(2009, 41059225)
(2009, 100000)
(2009, -23962665)
(2009, 206613439)
(2009, 171353001)
(2009, 263106170)
(2009, -28279842)
(2009, 17721635)
(2009, 60810892)
(2009, 560099082)
(2009, -1400898)
(2009, 424270619)
(2009, -10208133)
(2009, 4250000)
(2009, 21010817)
(2009, 1184662)
(2009, -31311169)
(2009, 50166126)
(2009, 277375031)
(2009, 2357900)
(2009, 686297228)
(2009, 20097815)
(2009, 134104620)
(2009, 796686817)
(2009, 65714875)
(2009, 53222734)
(2009, 683959197)
(2009, 34352607)
(2009, -13633773)
(2009, 21596251)
(2009, 167298907)
(2009, 110600000)
(2009, 8852638)
(2009, 12881056)
(2009, 180819611)
(2009, 89540499)
(2009, 53830340)
(2009, 56303988)
(2009, 120545279)
(2009, 127469017)
(2009, -2719674)
(2009, 62229792)
(2009, -14789012)
(2009, -2654799)
(2009, 296971)
(2009, 142817841)
(2009, -14886779)
(2009, -8594755)
(2009, 3455276)
(2009, 24421467)
(2009, 479676)
(2009, 31965843)
(2009, 18428063)
(2009, -12354673)
(2009, 44729358)
(2009, 15556061)
(2009, 13424826)
(2009, 2848783)
(2009, 146167139)
(2009, -9171460)
(2009, 142988466)
(2009, 18133014)
(2009, -4059945)
(2009, -9704250)
(2009, -2563491)
(2009, 59)
(2009, 24430334)
(2009, 670712)
(2009, 1633035)
(2009, 13412793)
(2009, 42444772)
(2009, 78791382)
(2009, 14706120)
(2009, -27793972)
(2009, 18596852)
(2009, 101844840)
(2009, 25105542)
(2009, 86793)
(2009, -11027492)
(2009, 73690726)
(2009, -20741481)
(2009, 1135146)
(2009, 138670000)
(2009, 57233629)
(2009, -11830329)
(2009, 2629321)
(2009, -2603443)
(2009, -17268)
(2009, -20908933)
(2009, 6471023)
(2009, 125233863)
(2009, 7000000)
(2009, 569653595)
(2009, 3333531)
(2009, 32333295)
(2009, 37536959)
(2009, -14410898)
(2009, 659827462)
(2009, -4978739)
(2009, 20462347)
(2009, -1041062)
(2009, 13600483)
(2009, 17318349)
(2009, 280208309)
(2009, 57219310)
(2009, 34945765)
(2009, -22663828)
(2009, 28525586)
(2009, 62233971)
(2009, 162045765)
(2009, 2942221)
(2009, 27280250)
(2009, -9700)
(2009, 2550965087)
(2009, -26174485)
(2009, 134103655)
(2009, 434028679)
(2009, 32462438)
(2009, 368140005)
(2009, -20611437)
(2009, -1468000)
(2009, 31416464)
(2009, 31801389)
(2009, 39498108)
(2009, -18982599)
(2009, 12872796)
(2009, 61000000)
(2009, -1444000)
(2009, -2347965)
(2009, -642148)
(2009, -10355245)
(2009, -5570701)
(2009, -30958495)
(2009, -6213625)
(2009, 12869680)
(2009, 12536299)
(2009, 3029747)
(2009, -8014883)
(2009, -2981903)
(2009, 2000000)
(2009, -6540542)
(2009, 12112713)
(2009, -13124614)
(2009, -19000000)
(2009, -3455538)
(2009, -5611242)
(2009, -1347502)
(2009, -37190000)
(2009, 67714)
(2009, -9975218)
(2009, -12245751)
(2009, -43452791)
(2009, -3755184)
(2009, -2977272)
(2009, -3688269)
(2009, 0)
(2009, -4280549)
(2009, -9990931)
(2009, 6500000)
(2009, -5746192)
(2009, -1992694)
(2009, 393160)
(2009, 1380561)
(2009, -1100000)
(2009, -17162326)
(2009, -2147190)
(2009, -21192)
(2009, 11500000)
(2009, -4698351)
(2010, 3414668)
(2010, 8172408)
(2010, 10055838)
(2010, -18500000)
(2010, 3105000)
(2010, 140000)
(2010, -300000)
(2010, -500000)
(2010, 2500000)
(2010, 1250000)
(2010, 9000000)
(2010, 7500000)
(2010, -499802)
(2010, -124526)
(2010, 16010585)
(2010, 20212223)
(2010, -1205643)
(2010, -1022970)
(2010, -731207)
(2010, 10922472)
(2010, 77107755)
(2010, 41918658)
(2010, -15865707)
(2010, -5098661)
(2010, 164485654)
(2010, 214804195)
(2010, 131497209)
(2010, 25583804)
(2010, 15222298)
(2010, 17236543)
(2010, 34956140)
(2010, 89977104)
(2010, 64462508)
(2010, 30345360)
(2010, 825491110)
(2010, -5117111)
(2010, 826594)
(2010, 29779728)
(2010, 40032889)
(2010, 7409028)
(2010, 96000000)
(2010, -13590109)
(2010, 28572262)
(2010, 329878759)
(2010, 107713139)
(2010, 68188903)
(2010, 97263880)
(2010, -893605)
(2010, -7004189)
(2010, 28050886)
(2010, 60700498)
(2010, -1420000)
(2010, 423933331)
(2010, 33761844)
(2010, -3890000)
(2010, -6953512)
(2010, 80664037)
(2010, 3302314)
(2010, 4340177)
(2010, 110669540)
(2010, 900000)
(2010, 13066240)
(2010, 23159963)
(2010, 17164830)
(2010, 185154643)
(2010, 188347692)
(2010, 50029656)
(2010, 42477008)
(2010, -36461000)
(2010, 67238796)
(2010, 866969703)
(2010, 11831503)
(2010, 587600867)
(2010, 630491347)
(2010, 168502923)
(2010, 86248813)
(2010, 474513985)
(2010, 665532764)
(2010, 191430189)
(2010, 65283742)
(2010, 144930431)
(2010, 317852395)
(2010, 31205850)
(2010, 183329073)
(2010, 17387857)
(2010, 58246388)
(2010, 23097191)
(2010, 4190704)
(2010, 70432927)
(2010, 194470394)
(2010, -12335441)
(2010, -4000000)
(2010, -5185211)
(2010, 59188165)
(2010, 9100000)
(2010, -29033000)
(2010, 65938090)
(2010, 45464324)
(2010, 30830607)
(2010, 11327899)
(2010, 129291809)
(2010, 10045846)
(2010, 60547866)
(2010, 240228084)
(2010, 184920315)
(2010, 117026136)
(2010, 66952305)
(2010, 144594016)
(2010, 587000)
(2010, -12244788)
(2010, 64748021)
(2010, 60073390)
(2010, 27483764)
(2010, -1508760)
(2010, 4145613)
(2010, 25251371)
(2010, 23583175)
(2010, 12005248)
(2010, 67610124)
(2010, 3015943)
(2010, -12520282)
(2010, 5871522)
(2010, 3742978)
(2010, -5767020)
(2010, -3944875)
(2010, -5544768)
(2010, -12397569)
(2010, 4630000)
(2010, -401983)
(2010, -21148483)
(2010, 97224271)
(2010, 13664962)
(2010, -5170043)
(2010, 38655187)
(2010, 37424067)
(2010, 174512032)
(2010, 55197635)
(2010, 116150434)
(2010, 146780824)
(2010, 17692920)
(2010, 191887208)
(2010, 314803731)
(2010, 2188922)
(2010, 67805466)
(2010, 18785180)
(2010, 21148651)
(2010, -4546957)
(2010, -17128721)
(2010, 704305868)
(2010, 399211549)
(2010, 331794936)
(2010, 68617009)
(2010, -4376180)
(2010, -6546921)
(2010, -11416317)
(2010, -20355892)
(2010, 56821036)
(2010, 72820008)
(2010, 260686217)
(2010, 351498)
(2010, 178731369)
(2010, -2447396)
(2010, -10495064)
(2010, 214276927)
(2010, 230062763)
(2010, 10124262)
(2010, -71331093)
(2010, -21545699)
(2010, -10117423)
(2010, -918274)
(2010, 129058)
(2010, 210650585)
(2010, 125382724)
(2010, -3781334)
(2010, 34519773)
(2010, 108570827)
(2010, 476793)
(2010, 121584141)
(2010, -1312284)
(2010, 644937)
(2010, -9651751)
(2010, -30912431)
(2010, -1427191)
(2010, 5529194)
(2010, -5650813)
(2010, -8931318)
(2010, 10567660)
(2010, -2175862)
(2010, 659678)
(2010, -2229343)
(2010, 95509150)
(2010, 40)
(2010, -11795060)
(2010, 11555141)
(2010, 7286756)
(2010, 1800080)
(2010, -7958879)
(2010, 61584679)
(2010, -3691525)
(2010, 303838)
(2010, -1436294)
(2010, -9380000)
(2010, 72000000)
(2010, -2385227)
(2010, 2132926)
(2010, 40072596)
(2010, 37055695)
(2010, -9501026)
(2010, 19300000)
(2010, -8228501)
(2010, 29375)
(2010, -9521200)
(2010, 1220215)
(2010, 11993168)
(2010, -6617054)
(2010, -616755)
(2010, 25636368)
(2010, -2896265)
(2010, 2250000)
(2010, 35600000)
(2010, 7511906)
(2010, -8621007)
(2010, 17772019)
(2010, 38723285)
(2010, -787706)
(2010, -9944911)
(2010, -3436033)
(2010, 23531470)
(2010, -226141)
(2010, -4968351)
(2010, 12370930)
(2010, 3300000)
(2010, -1380000)
(2010, -73821041)
(2011, -3939852)
(2011, 699290)
(2011, 28213633)
(2011, 85441954)
(2011, 12540000)
(2011, -148000)
(2011, 8740000)
(2011, 1935800)
(2011, 29300000)
(2011, -5)
(2011, -122)
(2011, -9000000)
(2011, 2000000)
(2011, 21900000)
(2011, 82900000)
(2011, -2099102)
(2011, 14500000)
(2011, 3316332)
(2011, 6000000)
(2011, -1043000)
(2011, -34554000)
(2011, 26165571)
(2011, 107817248)
(2011, 48100000)
(2011, 11822325)
(2011, -2887336)
(2011, 134849455)
(2011, 122780440)
(2011, 45412898)
(2011, 59047633)
(2011, 2499907)
(2011, 100786397)
(2011, 78609310)
(2011, 153712432)
(2011, 57552050)
(2011, -21068599)
(2011, 110724603)
(2011, -12071932)
(2011, 77669379)
(2011, 11070807)
(2011, 47160734)
(2011, 2122040)
(2011, 94492830)
(2011, 132466756)
(2011, -111007242)
(2011, 134918407)
(2011, 47162162)
(2011, 51615414)
(2011, 115332697)
(2011, 7792502)
(2011, -6250543)
(2011, -2251547)
(2011, -176788)
(2011, 51417394)
(2011, 120953723)
(2011, 33782078)
(2011, 5735397)
(2011, 57138686)
(2011, 394635760)
(2011, 14417298)
(2011, 299326618)
(2011, -10372625)
(2011, 76156230)
(2011, 501137675)
(2011, 29088990)
(2011, 24901913)
(2011, 255883523)
(2011, 18309131)
(2011, -20029184)
(2011, 665713802)
(2011, 121119219)
(2011, 22674226)
(2011, 174455986)
(2011, 10306880)
(2011, 24492759)
(2011, -10385849)
(2011, 515692281)
(2011, 193624124)
(2011, 210095987)
(2011, 19851172)
(2011, 132361754)
(2011, 196197492)
(2011, 928746996)
(2011, 6160375)
(2011, -23778362)
(2011, -5833147)
(2011, 89852759)
(2011, 82000000)
(2011, 359852396)
(2011, 13945000)
(2011, -2575000)
(2011, 1217000000)
(2011, 63054825)
(2011, 1198226)
(2011, 230569774)
(2011, 92851197)
(2011, 44389433)
(2011, 13560274)
(2011, -15540000)
(2011, 453749323)
(2011, -15365938)
(2011, 115483765)
(2011, -15033073)
(2011, 7273593)
(2011, 389860185)
(2011, 23450437)
(2011, 99272124)
(2011, 12547440)
(2011, 9663238)
(2011, 110887643)
(2011, 16387212)
(2011, 58564310)
(2011, 7922237)
(2011, 1676935)
(2011, 20965854)
(2011, -7225146)
(2011, -41204979)
(2011, 2130000)
(2011, -2895318)
(2011, -8240748)
(2011, 6551495)
(2011, -17873542)
(2011, 77551594)
(2011, -14675559)
(2011, 60206216)
(2011, -7836735)
(2011, 12462041)
(2011, -1942885)
(2011, 63493061)
(2011, -328240)
(2011, -8222894)
(2011, 84236)
(2011, 31187783)
(2011, 118432856)
(2011, -1900686)
(2011, -4972954)
(2011, -3746101)
(2011, 189268508)
(2011, 39543328)
(2011, -6871330)
(2011, -961058)
(2011, 57274484)
(2011, 133930596)
(2011, -13953505)
(2011, 2603069)
(2011, 16004039)
(2011, 200703818)
(2011, 115078586)
(2011, 47087155)
(2011, -13209021)
(2011, 11193675)
(2011, 10426096)
(2011, -11497660)
(2011, -27472096)
(2011, -14604913)
(2011, 77930623)
(2011, 49606030)
(2011, -13303768)
(2011, 241940071)
(2011, 15770160)
(2011, -1158267)
(2011, -26387531)
(2011, 151904017)
(2011, 70673788)
(2011, -13371787)
(2011, -17871814)
(2011, -3644312)
(2011, 4662874)
(2011, -7899085)
(2011, 157243185)
(2011, 3292353)
(2011, 120184237)
(2011, 602171856)
(2011, 111584879)
(2011, -21000000)
(2011, 28657696)
(2011, 476592)
(2011, 21972000)
(2011, 9942188)
(2011, 15247881)
(2011, -11027488)
(2011, 20406466)
(2011, -1857846)
(2011, 209615000)
(2011, 180659)
(2011, -6627398)
(2011, 10939027)
(2011, 86044638)
(2011, 549713380)
(2011, 70081841)
(2011, 142617430)
(2011, 34626786)
(2011, 267695435)
(2011, -2365172)
(2011, -9696123)
(2011, 58404397)
(2011, 101956699)
(2011, -2978000)
(2011, 10372606)
(2011, 20562924)
(2011, -4644202)
(2011, 1311434)
(2011, 413480871)
(2011, -14131561)
(2011, -671604)
(2011, -10192465)
(2011, 750000)
(2011, -1606184)
(2011, 37350000)
(2011, 92217355)
(2011, 33522221)
(2011, -33551615)
(2011, -4588539)
(2011, -9389014)
(2011, -5582420)
(2011, 21345000)
(2011, 29564651)
(2011, 3005187)
(2011, -899095)
(2011, 11101672)
(2011, 126836156)
(2011, 31110610)
(2011, -10571709)
(2011, -19982521)
(2011, 16539023)
(2011, 3075000)
(2011, -6334931)
(2011, 1377)
(2011, 41000000)
(2011, -16478171)
(2011, -2496642)
(2011, -29891652)
(2011, 44450000)
(2011, -875000)
(2011, -3088534)
(2011, -5994794)
(2011, -34554000)
(2011, -4258)
(2011, -9989241)
(2012, -1498062)
(2012, 0)
(2012, -3575733)
(2012, -64926294)
(2012, 12500000)
(2012, 1629934)
(2012, 5400000)
(2012, 10418980)
(2012, 3839398)
(2012, 3347850)
(2012, -3800000)
(2012, 2560000)
(2012, 29000000)
(2012, 3859734)
(2012, -7957670)
(2012, 345188)
(2012, 13411)
(2012, 15428353)
(2012, 37931000)
(2012, 12400000)
(2012, -11882371)
(2012, 286937)
(2012, 24300000)
(2012, 9000000)
(2012, 13460000)
(2012, 10000)
(2012, 23481)
(2012, -14994710)
(2012, -1411824)
(2012, 5938268)
(2012, 9666088)
(2012, 1299557910)
(2012, 212573423)
(2012, 616210692)
(2012, 834939099)
(2012, 146572938)
(2012, 100758490)
(2012, 38100000)
(2012, 90112671)
(2012, 52278331)
(2012, 4221189)
(2012, -7634623)
(2012, -3106279)
(2012, -15280785)
(2012, 130000000)
(2012, 110730736)
(2012, 123076205)
(2012, 166114570)
(2012, 393961)
(2012, 276692760)
(2012, 88000000)
(2012, 278840316)
(2012, 69272766)
(2012, 91974557)
(2012, 24139100)
(2012, 159585328)
(2012, 12204030)
(2012, 151000000)
(2012, 635031)
(2012, 184989584)
(2012, 36486080)
(2012, 24819301)
(2012, 3657751)
(2012, 98018522)
(2012, 94025485)
(2012, 23909751)
(2012, 84070507)
(2012, 74357138)
(2012, 10346186)
(2012, 95527149)
(2012, 114379533)
(2012, 399026776)
(2012, 226600000)
(2012, 58338361)
(2012, 273170142)
(2012, 4206470)
(2012, -10840066)
(2012, 52263166)
(2012, 14800000)
(2012, -14436444)
(2012, -17955723)
(2012, 3257792)
(2012, 601921274)
(2012, 353983207)
(2012, -696739)
(2012, 39700000)
(2012, 56244881)
(2012, 43265139)
(2012, -2377154)
(2012, -15581387)
(2012, -363711)
(2012, 499368315)
(2012, 160221571)
(2012, -16215682)
(2012, 537215857)
(2012, 782244782)
(2012, 19307746)
(2012, -3565222)
(2012, 37966152)
(2012, 267862)
(2012, -6346208)
(2012, 73802074)
(2012, 908561013)
(2012, 84281051)
(2012, 47139399)
(2012, 55112176)
(2012, 12400000)
(2012, -3916401)
(2012, 27676580)
(2012, 3493728)
(2012, -2996990)
(2012, 71446075)
(2012, -7372508)
(2012, 8947954)
(2012, 7231461)
(2012, 98350426)
(2012, -3136417)
(2012, 17042000)
(2012, -11941633)
(2012, 825038)
(2012, 175159255)
(2012, -3741940)
(2012, -8962258)
(2012, 23485056)
(2012, 41126384)
(2012, 20400000)
(2012, 13000000)
(2012, -379564)
(2012, 10637469)
(2012, -448826)
(2012, 331141306)
(2012, -11146132)
(2012, -405307)
(2012, 37387131)
(2012, 30900000)
(2012, -9487750)
(2012, 10362027)
(2012, 20726956)
(2012, -3712212)
(2012, 74712439)
(2012, 273375603)
(2012, 187824128)
(2012, 4422261)
(2012, 2700000)
(2012, 137817992)
(2012, -14646768)
(2012, 28482868)
(2012, 32302796)
(2012, 22930465)
(2012, 8138338)
(2012, -123403)
(2012, 306222889)
(2012, 184738714)
(2012, 130772375)
(2012, 489016565)
(2012, 608545)
(2012, -32893443)
(2012, 20944753)
(2012, 210293450)
(2012, 709000000)
(2012, -20193217)
(2012, 161941670)
(2012, -11933649)
(2012, -9910763)
(2012, 107470746)
(2012, 771103568)
(2012, -24773313)
(2012, -11167459)
(2012, -383793)
(2012, -1632634)
(2012, 92820716)
(2012, -15363831)
(2012, 1863726)
(2012, 158340595)
(2012, 325368238)
(2012, 53058786)
(2012, 138274123)
(2012, 380809770)
(2012, -19389208)
(2012, 48520298)
(2012, 94772232)
(2012, -6861212)
(2012, 2563661)
(2012, 8780000)
(2012, -11997479)
(2012, -18030807)
(2012, -5880047)
(2012, -51893525)
(2012, -555425)
(2012, -10097693)
(2012, 2450275)
(2012, -113700)
(2012, -24567726)
(2012, 4516934)
(2012, -6571952)
(2012, -2496997)
(2012, -334118)
(2012, -1941490)
(2012, 500000)
(2012, -5968919)
(2012, 205800000)
(2012, -5000)
(2012, 3520330)
(2012, -12981705)
(2012, 2755583)
(2012, -2225000)
(2012, -2582638)
(2012, -1400000)
(2012, -4407494)
(2013, 2275812)
(2013, -23505211)
(2013, -1700000)
(2013, -12862698)
(2013, -23084528)
(2013, 39030246)
(2013, 5605460)
(2013, -10132314)
(2013, -51337973)
(2013, 55464861)
(2013, -10481811)
(2013, 10300000)
(2013, -3396594)
(2013, -3157373)
(2013, -2825082)
(2013, -3990779)
(2013, 107)
(2013, -11734548)
(2013, -26250799)
(2013, -4959600)
(2013, -25113768)
(2013, -24993601)
(2013, 1630444)
(2013, 46546518)
(2013, 38129518)
(2013, 14700000)
(2013, -2778655)
(2013, 91000)
(2013, -5689327)
(2013, -3649994)
(2013, 7187375)
(2013, 11250000)
(2013, -6140090)
(2013, 9999990)
(2013, -1324619)
(2013, 39965210)
(2013, 1)
(2013, 11600000)
(2013, -4951875)
(2013, -9969717)
(2013, 1100000)
(2013, 34000000)
(2013, 71500000)
(2013, 11690000)
(2013, 200000)
(2013, 3621508)
(2013, 11800000)
(2013, 76469000)
(2013, 2803665)
(2013, -3396594)
(2013, -45510171)
(2013, 81980662)
(2013, 27241945)
(2013, 45200903)
(2013, 57641683)
(2013, 131497771)
(2013, 344098)
(2013, -36298836)
(2013, 26438988)
(2013, 11216641)
(2013, 174803475)
(2013, -4098490)
(2013, 33372757)
(2013, 138965010)
(2013, 52138)
(2013, 212654182)
(2013, 35065672)
(2013, 69594140)
(2013, 34597643)
(2013, 8176469)
(2013, 7930462)
(2013, 21674316)
(2013, 2687603)
(2013, 10179302)
(2013, 241876278)
(2013, 77441)
(2013, -8965411)
(2013, 291868548)
(2013, 450178928)
(2013, -2562119)
(2013, 26724284)
(2013, 6724119)
(2013, 55572378)
(2013, 91025640)
(2013, 20485608)
(2013, 19327201)
(2013, 5000000)
(2013, 80542952)
(2013, 4261569)
(2013, -8490253)
(2013, 166168572)
(2013, 55020213)
(2013, 58378744)
(2013, 61175291)
(2013, 1661020)
(2013, 60216736)
(2013, 94041322)
(2013, 1015439994)
(2013, 11587700)
(2013, 246040419)
(2013, 277365246)
(2013, -14000000)
(2013, 5537387)
(2013, 259000072)
(2013, 628679850)
(2013, 168426634)
(2013, -368253)
(2013, -7400000)
(2013, 113843127)
(2013, 42698894)
(2013, -8414418)
(2013, 18598652)
(2013, 437845518)
(2013, -13180652)
(2013, 86328627)
(2013, 4145732)
(2013, 543559607)
(2013, 227602906)
(2013, 5755873)
(2013, 331865000)
(2013, 171140700)
(2013, -4933529)
(2013, 894761885)
(2013, 55366737)
(2013, 26089287)
(2013, -11647115)
(2013, 115674180)
(2013, -165710090)
(2013, 4354611)
(2013, 20400000)
(2013, -68351500)
(2013, 305000141)
(2013, 147570682)
(2013, 295440673)
(2013, 70940411)
(2013, 81206215)
(2013, -4028915)
(2013, -193175)
(2013, 84578751)
(2013, 242434178)
(2013, 5800000)
(2013, -22945059)
(2013, 232994119)
(2013, 166984278)
(2013, 32700000)
(2013, 60337295)
(2013, 169788712)
(2013, -21214985)
(2013, 87932401)
(2013, 23931410)
(2013, 30565421)
(2013, 90922175)
(2013, 1963902)
(2013, 75100449)
(2013, 44000000)
(2013, -21723049)
(2013, -7360655)
(2013, -15681018)
(2013, 93567206)
(2013, -7498062)
(2013, 611392705)
(2013, -3153000)
(2013, 76126687)
(2013, -6600000)
(2013, -2740959)
(2013, 52247624)
(2013, 6894225)
(2013, 2066225)
(2013, 41500000)
(2013, -3450523)
(2013, 5654912)
(2013, -10027033)
(2013, 10900000)
(2013, 32616646)
(2013, 5865694)
(2013, -9346349)
(2013, -586665)
(2013, 170384621)
(2013, 40000000)
(2013, 3008161)
(2013, 4114264)
(2013, 13956509)
(2013, 72915111)
(2013, 52394288)
(2013, -19444992)
(2013, 46009334)
(2013, 167000000)
(2013, -2891280)
(2013, 15537191)
(2013, 136831537)
(2013, 474571402)
(2013, 50198285)
(2013, 55000000)
(2013, 106402450)
(2013, 88129872)
(2013, 54625195)
(2013, 13139075)
(2013, 717423452)
(2013, 708400000)
(2013, -24037525)
(2013, 25164106)
(2013, 1124219009)
(2013, 21935319)
(2013, 292000694)
(2013, 21058898)
(2013, -7670000)
(2013, 49188937)
(2013, 160000)
(2013, -6993853)
(2013, 211171807)
(2013, 98133322)
(2013, 24351251)
(2013, 109295601)
(2013, 77544580)
(2013, -4999612)
(2013, -25138978)
(2013, 123649015)
(2013, 47558912)
(2013, 25284237)
(2013, -1267731)
(2013, 4907260)
(2013, 3235151)
(2013, 2200000)
(2013, 2000000)
(2013, 4309223)
(2013, 6766271)
(2013, 38300000)
(2014, 84984035)
(2014, 409160692)
(2014, 122688965)
(2014, -17491482)
(2014, -7729294)
(2014, 14077920)
(2014, -29199769)
(2014, -1634533)
(2014, 36502684)
(2014, 144600318)
(2014, 18049082)
(2014, 510120017)
(2014, 24597999)
(2014, 172809600)
(2014, 227580051)
(2014, 127912430)
(2014, -7919749)
(2014, 137277636)
(2014, -5984929)
(2014, -2514873)
(2014, 45800064)
(2014, 544766572)
(2014, 237637473)
(2014, -4986191)
(2014, -8720548)
(2014, 30383290)
(2014, 17634867)
(2014, 3831145)
(2014, -1872791)
(2014, 505717432)
(2014, 12789000)
(2014, 16100000)
(2014, 397188435)
(2014, 3039258)
(2014, 89332962)
(2014, 156781193)
(2014, 40896829)
(2014, 2635300)
(2014, -12168369)
(2014, 250157400)
(2014, 5429707)
(2014, 86546825)
(2014, 497862775)
(2014, 369076069)
(2014, -14940791)
(2014, 34967935)
(2014, -196821)
(2014, 83494610)
(2014, 578539785)
(2014, 192541256)
(2014, 13307627)
(2014, 295166834)
(2014, -9269982)
(2014, 138441614)
(2014, -190670)
(2014, 137330738)
(2014, 464123048)
(2014, 85215094)
(2014, 40349000)
(2014, 46181428)
(2014, 27347013)
(2014, 881405097)
(2014, 101165787)
(2014, 17100000)
(2014, 80525432)
(2014, 4676471)
(2014, -1917642)
(2014, 9792000)
(2014, 308330363)
(2014, 540644566)
(2014, 7312387)
(2014, 86069509)
(2014, 99782847)
(2014, 603328629)
(2014, -3399104)
(2014, 116172544)
(2014, 143400000)
(2014, 16554855)
(2014, -16701)
(2014, 32300000)
(2014, 41165646)
(2014, -2311727)
(2014, -9954577)
(2014, 34229361)
(2014, 66880821)
(2014, 352200000)
(2014, 41980456)
(2014, 119621271)
(2014, -25592384)
(2014, 67874843)
(2014, -139147)
(2014, 7365435)
(2014, 35100000)
(2014, -2632839)
(2014, -6552846)
(2014, -4153296)
(2014, 110602194)
(2014, -990682)
(2014, 6454534)
(2014, 314319861)
(2014, 40630415)
(2014, -940256)
(2014, 25181600)
(2014, 2527232)
(2014, -12557147)
(2014, 17556119)
(2014, 48255770)
(2014, 21496320)
(2014, 483507423)
(2014, -973295)
(2014, 248773813)
(2014, 145529201)
(2014, 248586800)
(2014, -2500000)
(2014, 9926213)
(2014, 68761661)
(2014, 33719388)
(2014, 143817906)
(2014, 31570000)
(2014, 41837234)
(2014, 72654149)
(2014, 3682924)
(2014, 98590271)
(2014, 30197217)
(2014, 487105443)
(2014, 1169755)
(2014, 47437106)
(2014, -11903700)
(2014, 219555708)
(2014, -8889025)
(2014, 627100229)
(2014, 128031828)
(2014, 129837010)
(2014, -3810388)
(2014, 108726688)
(2014, 16424533)
(2014, 15127963)
(2014, 7618727)
(2014, 65670357)
(2014, 241552094)
(2014, 12571189)
(2014, -6979977)
(2014, 38884652)
(2014, 204207227)
(2014, -4748483)
(2014, -2549154)
(2014, 706019788)
(2014, 46787908)
(2014, 98442937)
(2014, -605000)
(2014, -1405930)
(2014, -7992930)
(2014, 37501541)
(2014, 18883511)
(2014, 162902372)
(2014, -31657368)
(2014, 222424282)
(2014, 19178613)
(2014, 68821816)
(2014, 107000000)
(2014, 277771424)
(2014, 25501323)
(2014, 8592118)
(2014, 2399926)
(2014, -4639719)
(2014, 14171130)
(2014, -6588073)
(2014, -7946914)
(2014, -500000)
(2014, -3923210)
(2014, 48061158)
(2014, -5895284)
(2014, -1000000)
(2014, -13241672)
(2014, -24870885)
(2014, -5269345)
(2014, -19848470)
(2014, 14500000)
(2014, 102656811)
(2014, -8935546)
(2014, 8348529)
(2014, 1833445)
(2014, -5967749)
(2014, -4979079)
(2014, -9545299)
(2014, 0)
(2014, 7058187)
(2014, -3255000)
(2014, -287893)
(2014, -6100000)
(2014, 1280000)
(2014, -389997)
(2014, 2279982)
(2014, 15312272)
(2014, -222915)
(2014, 1375314)
(2014, -1)
(2014, 5800000)
(2014, 13100000)
(2014, 33000000)
(2014, -3321000)
(2014, 2710648)
(2014, -6144550)
(2014, -749997)
(2014, 81362372)
(2014, 9026290)
(2014, 128997819)
(2014, -9450893)
(2014, 203747895)
(2014, 29433975)
(2014, -1951610)
(2014, 1655325)
(2014, 6154592)
(2014, -4924857)
(2015, 532330139)
(2015, 7987720)
(2015, 21869414)
(2015, -6179242)
(2015, 1363528810)
(2015, 250256926)
(2015, 333351546)
(2015, 55399548)
(2015, -52247060)
(2015, 285603537)
(2015, 12674076)
(2015, 228858340)
(2015, 94303851)
(2015, 1823223624)
(2015, 1125403694)
(2015, 389311965)
(2015, 47977596)
(2015, -29581440)
(2015, 531006128)
(2015, 35028634)
(2015, 20248241)
(2015, 51076141)
(2015, 27991087)
(2015, 323793)
(2015, -522998)
(2015, 17286781)
(2015, -1954569)
(2015, 2725080)
(2015, 111760117)
(2015, 73512300)
(2015, 56799880)
(2015, 48425855)
(2015, 19679822)
(2015, -1685349)
(2015, 103862963)
(2015, 237594032)
(2015, 387000)
(2015, 75978266)
(2015, -10406317)
(2015, 85205624)
(2015, 60810728)
(2015, -20568747)
(2015, 21561644)
(2015, 448514353)
(2015, 60437994)
(2015, -21611680)
(2015, -2412515)
(2015, 185238201)
(2015, 233871007)
(2015, -26355708)
(2015, 1316249360)
(2015, 61882090)
(2015, -46675670)
(2015, 71811453)
(2015, 50619773)
(2015, 19154322)
(2015, 69597242)
(2015, 29013281)
(2015, 40663276)
(2015, 835752)
(2015, 6487452)
(2015, 360490832)
(2015, 46967450)
(2015, 23325328)
(2015, 16659216)
(2015, 258506194)
(2015, 28472135)
(2015, -9982528)
(2015, 11656193)
(2015, -3812888)
(2015, 16680201)
(2015, 522161890)
(2015, 7780000)
(2015, -11360000)
(2015, 170666219)
(2015, 105795793)
(2015, -10749980)
(2015, 56545703)
(2015, 19263404)
(2015, 682611174)
(2015, 493428261)
(2015, 23967255)
(2015, 155637091)
(2015, 30000000)
(2015, -13514039)
(2015, 4523226)
(2015, 56936910)
(2015, 46548707)
(2015, 149022588)
(2015, 1082730962)
(2015, 156926147)
(2015, 45837872)
(2015, 635674609)
(2015, 4441873)
(2015, -2398294)
(2015, 73384188)
(2015, -3856899)
(2015, 107713057)
(2015, 56768190)
(2015, -16500000)
(2015, 33145109)
(2015, 26181942)
(2015, 42564410)
(2015, -19791412)
(2015, -1050000)
(2015, 84000000)
(2015, 397950503)
(2015, 16391084)
(2015, 60000000)
(2015, 61709827)
(2015, 54025816)
(2015, -2340714)
(2015, -11215237)
(2015, 159564672)
(2015, -2750917)
(2015, 29401758)
(2015, 53978653)
(2015, 93450062)
(2015, 15354990)
(2015, 42882018)
(2015, -860476)
(2015, 49418872)
(2015, 173634991)
(2015, 602354)
(2015, 41134059)
(2015, -5772702)
(2015, -13915372)
(2015, -139234)
(2015, 2002420)
(2015, 5122090)
(2015, 64790117)
(2015, 17972994)
(2015, 49191523)
(2015, 3077700)
(2015, 35387687)
(2015, 47629670)
(2015, 3841684)
(2015, -20997739)
(2015, -14367458)
(2015, 27395996)
(2015, 148427584)
(2015, 345284817)
(2015, 68346473)
(2015, 777043)
(2015, -13421481)
(2015, 4333790)
(2015, 16606743)
(2015, 393226958)
(2015, -6426665)
(2015, -6272254)
(2015, 33571250)
(2015, 125478348)
(2015, 22317131)
(2015, -4973856)
(2015, 100162788)
(2015, 48273173)
(2015, -11979336)
(2015, -19866668)
(2015, -1274278)
(2015, 68096553)
(2015, -2666316)
(2015, -97277)
(2015, 6410000)
(2015, -6764339)
(2015, 68000000)
(2015, 15363790)
(2015, 147233113)
(2015, 136567581)
(2015, 0)
(2015, -10838211)
(2015, -4800000)
(2015, 25426912)
(2015, 43600000)
(2015, 28718711)
(2015, 2900000)
(2015, 4800000)
(2015, 7071076)
(2015, 140000000)
(2015, -7058446)
(2015, 0)
(2015, 105346506)
(2015, 1200292)
(2015, 192786137)
(2015, 75011053)
(2015, 36500000)
(2015, 35000000)
(2015, 2394097)
(2015, 801508)
(2015, -13312326)
(2015, -157301)
(2015, -2198000)
(2015, -79995)
(2015, 241300000)
(2015, 120844753)
(2015, -5693310)
(2015, 501986)
(2015, 9000000)
(2015, 5704595)
(2015, 13444999)
(2015, -1198343)
(2015, -311903)
(2015, 8100000)
(2015, 780000)
(2015, 4000000)
(2015, 11078449)
(2015, -16223667)
(2015, 1228115)
(2015, 4160000)
(2015, -1835794)
(2015, 1949225)
(2015, -2452238)
(2016, -5938689)
(2016, 273677183)
(2016, 725112979)
(2016, 903304495)
(2016, 512718395)
(2016, 365934787)
(2016, -2884184)
(2016, -11787718)
(2016, 69246868)
(2016, 629342332)
(2016, 800457937)
(2016, -16791304)
(2016, 570600054)
(2016, 224681935)
(2016, 158471816)
(2016, 623260194)
(2016, 791550600)
(2016, 19411370)
(2016, -10378954)
(2016, 36923945)
(2016, -4556038)
(2016, -1779629)
(2016, -8021408)
(2016, -22262477)
(2016, 41647656)
(2016, 71906372)
(2016, 5969000)
(2016, 74343513)
(2016, 1164799)
(2016, 6752978)
(2016, 376170825)
(2016, -11625672)
(2016, -23602716)
(2016, 30055439)
(2016, 4000000)
(2016, -937501)
(2016, 84827316)
(2016, 23152411)
(2016, 27500000)
(2016, 54188367)
(2016, 26069568)
(2016, 82573028)
(2016, -27900910)
(2016, 7361566)
(2016, 187945075)
(2016, -7360703)
(2016, 10680864)
(2016, -7742574)
(2016, 19804129)
(2016, 93286421)
(2016, 145754447)
(2016, 873784195)
(2016, -11916666)
(2016, -12009599)
(2016, -9817071)
(2016, 493090228)
(2016, -5666876)
(2016, -7965306)
(2016, 57883359)
(2016, 19902953)
(2016, 70923251)
(2016, 1800000)
(2016, -11353212)
(2016, 5566327)
(2016, -499758)
(2016, 11016568)
(2016, -6599722)
(2016, 9624522)
(2016, -2847262)
(2016, 49602163)
(2016, 73758521)
(2016, 1275000)
(2016, -1817618)
(2016, 13251596)
(2016, 66282604)
(2016, 27814445)
(2016, 35030051)
(2016, 8730891)
(2016, 828570889)
(2016, 49636257)
(2016, -5602407)
(2016, -24964050)
(2016, 276779543)
(2016, -10399341)
(2016, 23418160)
(2016, -2720561)
(2016, -11178671)
(2016, -16478744)
(2016, 12788218)
(2016, -25787506)
(2016, 17305571)
(2016, 102100758)
(2016, -6591796)
(2016, 129370084)
(2016, 43345589)
(2016, 121705322)
(2016, 879736)
(2016, -2147243)
(2016, 1067218)
(2016, 244901337)
(2016, 13763247)
(2016, 1210454)
(2016, -450)
(2016, -1656383)
(2016, 110623848)
(2016, 6898293)
(2016, 280170008)
(2016, 85147509)
(2016, 166972543)
(2016, 8920000)
(2016, -251990)
(2016, 295484914)
(2016, 492053)
(2016, 176743061)
(2016, 108587880)
(2016, 44068246)
(2016, 303579038)
(2016, 143968835)
(2016, 78695338)
(2016, -9995500)
(2016, 66241496)
(2016, 178470033)
(2016, 91600000)
(2016, -9563192)
(2016, 46234523)
(2016, 5418661)
(2016, 275000)
(2016, 163936074)
(2016, 25589296)
(2016, 147200845)
(2016, 8000000)
(2016, -10157303)
(2016, 9803648)
(2016, -4400000)
(2016, -7463156)
(2016, -6690232)
(2016, -7500000)
(2016, 85729635)
(2016, 72360636)
(2016, 26500000)
(2016, 61046687)
(2016, 80020597)
(2016, 690000)
(2016, 4200000)
(2016, 5300000)
(2016, 9929545)
(2016, 176952420)
(2016, 5956113)
(2016, 810591)
(2016, -4632839)
(2016, 11790373)
(2016, 186485719)
(2016, 128185859)
(2016, 11485196)
(2016, 111160045)
(2016, 18507567)
(2016, 55300000)
(2016, 1130000)
(2016, -6274072)
(2016, 62000000)
(2016, -476311)
(2016, 135302354)
(2016, -9069016)
(2016, 40172994)
(2016, -2783015)
(2016, -3198)
(2016, -720180)
(2016, -10252252)
(2016, 3652768)
(2016, 156388186)
(2016, 112379278)
(2016, 52205175)
(2016, -7707721)
(2016, 0)
(2016, -6721603)
(2016, 415435700)
(2016, 34520023)
(2016, 145021259)
(2016, -10081255)
(2016, 72705746)
(2016, 221864462)
(2016, -3727597)
(2016, -5926511)
(2016, 102146076)
(2016, 66026965)
(2016, 128302754)
(2016, -8217822)
(2016, 25487325)
(2016, -2612873)
(2016, 51416021)
(2016, -4256348)
(2016, -180861)
(2016, 3082071)
(2016, -2269931)
(2016, 493034466)
(2016, 4960394)
(2016, 69501299)
(2016, 856057273)
(2016, -85321445)
(2016, 267921998)
(2016, 46093313)
(2016, -9499395)
(2016, -21114658)
(2016, 1850000)
(2016, 2200000)
(2016, 193144152)
(2016, 205698791)
(2016, 40414761)
(2016, 174491)
(2016, -1183789)
(2016, 181957105)
(2016, -1035218)
(2016, 80034273)
(2016, 557443719)
(2016, -923625)
(2016, 115697856)
(2016, 299600000)
(2016, -16688475)
(2016, 5548152)
(2016, -12772962)
(2016, -27648641)
(2016, -60506085)
(2016, -7917297)
(2016, 20658387)
(2016, 500000)
(2016, 1600000)
(2016, 600000)
(2016, 1341855)
(2016, 272242626)
(2016, -4694805)
(2016, -21425661)
(2016, 5000000)
(2016, -2007477)
(2016, -50579454)
(2016, 1700000)
(2017, 564191988)
(2017, 663416141)
(2017, 671580447)
(2017, 2497844)
(2017, 38735023)
(2017, -15206615)
(2017, 172647323)
(2017, 2540674)
(2017, -13440443)
(2017, 261147658)
(2017, 19267197)
(2017, 231950384)
(2017, 189212245)
(2017, 58080890)
(2017, 131539887)
(2017, 247434250)
(2017, 519801808)
(2017, 381652812)
(2017, 23412709)
(2017, 5025571)
(2017, -28824934)
(2017, 1102886337)
(2017, 373814908)
(2017, 15484255)
(2017, 59801921)
(2017, 323827494)
(2017, -2560000)
(2017, -9556316)
(2017, -20571830)
(2017, -39759022)
(2017, 37330873)
(2017, 42541806)
(2017, 42337240)
(2017, 135380243)
(2017, -6434891)
(2017, 1800152)
(2017, -1694408)
(2017, 59618541)
(2017, -19442759)
(2017, 137183546)
(2017, -6837525)
(2017, 30461045)
(2017, -10496549)
(2017, 18120144)
(2017, 2793904)
(2017, 108856751)
(2017, 5768012)
(2017, 18845711)
(2017, 282778013)
(2017, 988764765)
(2017, 72824373)
(2017, 175170057)
(2017, -5780464)
(2017, 800000)
(2017, 1487885)
(2017, 4073951)
(2017, 212000000)
(2017, 14942939)
(2017, 190511319)
(2017, 25056771)
(2017, 940063384)
(2017, 217907963)
(2017, 3527158)
(2017, -107447384)
(2017, 60007945)
(2017, 419876949)
(2017, 47580000)
(2017, 344942143)
(2017, 11000000)
(2017, 16913939)
(2017, 173770205)
