(1915, 5568682.5)
(1916, 8000000.0)
(1918, 8000000.0)
(1921, 2500000.0)
(1922, 400200.0)
(1923, 623.0)
(1924, 1213880.0)
(1925, 5708183.5)
(1926, 812439.0)
(1927, 559433.3333333334)
(1928, 543529.6)
(1929, 4358000.0)
(1930, 4003970.0)
(1931, 3814592.5)
(1932, 798512.5)
(1933, 4595166.666666667)
(1934, 2347666.6666666665)
(1935, 2010366.2)
(1936, 3734000.0)
(1937, 92539711.0)
(1938, 5138033.666666667)
(1939, 74864030.5)
(1940, 38758400.0)
(1941, 8779926.5)
(1942, 50136775.0)
(1943, 1403312.0)
(1944, 5529285.714285715)
(1945, 9503064.333333334)
(1946, 19539716.5)
(1947, 3976480.5)
(1948, 2834681.3333333335)
(1949, 5704269.8)
(1950, 46465074.333333336)
(1951, 64965000.0)
(1952, 8573061.142857144)
(1953, 21009968.272727273)
(1954, 9770447.07142857)
(1955, 12048459.5)
(1956, 22025401.153846152)
(1957, 7700292.142857143)
(1958, 11670149.125)
(1959, 28379100.0)
(1960, 15293211.214285715)
(1961, 22801303.1875)
(1962, 25649262.133333333)
(1963, 23320634.4)
(1964, 27826110.785714287)
(1965, 56086126.083333336)
(1966, 12308294.333333334)
(1967, 32420013.16)
(1968, 20389439.13043478)
(1969, 24494604.666666668)
(1970, 30526523.086956523)
(1971, 27633520.8)
(1972, 40520714.625)
(1973, 55773973.17391305)
(1974, 44911715.7368421)
(1975, 42456207.807692304)
(1976, 40651540.22727273)
(1977, 77031733.5862069)
(1978, 37378748.23255814)
(1979, 51526713.975)
(1980, 36254253.118644066)
(1981, 32773091.876923077)
(1982, 44713626.17910448)
(1983, 31633004.125)
(1984, 38922361.820512824)
(1985, 33019747.127659574)
(1986, 30524069.12621359)
(1987, 31019005.464285713)
(1988, 32368384.09090909)
(1989, 52783225.74509804)
(1990, 55660055.567307696)
(1991, 44345296.93965517)
(1992, 55685114.827586204)
(1993, 52036834.741007194)
(1994, 59313053.23387097)
(1995, 63698566.55223881)
(1996, 61216641.08695652)
(1997, 72625317.52531646)
(1998, 65407851.3618421)
(1999, 76315790.88679245)
(2000, 74456598.03846154)
(2001, 79852402.90960452)
(2002, 77232785.1641791)
(2003, 87595144.81666666)
(2004, 84526956.42105263)
(2005, 71241256.65254237)
(2006, 65368773.3594306)
(2007, 76370132.20930232)
(2008, 77651226.71804512)
(2009, 82288893.92605634)
(2010, 76624754.60784313)
(2011, 77817442.91346154)
(2012, 85438535.04918033)
(2013, 79132636.17210683)
(2014, 82378182.69470406)
(2015, 92965685.7516129)
(2016, 101999586.98662208)
(2017, 153835663.01020408)
