+--------+-----------+-------+--------+------+----------+
|movie_id|movie_genre|user_id|movie_id|rating| timestamp|
+--------+-----------+-------+--------+------+----------+
|     451|      Drama|    390|     451|   2.0| 978580515|
|     451|      Drama|    533|     451|   2.0| 974647675|
|     451|      Drama|    682|     451|   3.0| 957630720|
|     451|      Drama|   2383|     451|   1.0| 956417083|
|     451|      Drama|   2975|     451|   2.0|1180657823|
|     451|      Drama|   2981|     451|   2.0| 902036771|
|     451|      Drama|   3019|     451|   3.0| 847875644|
|     451|      Drama|   3251|     451|   3.0| 849630863|
|     451|      Drama|   3792|     451|   4.0| 945277919|
|     451|      Drama|   3950|     451|   2.0| 949415361|
|     451|      Drama|   4020|     451|   3.0| 927569171|
|     451|      Drama|   4066|     451|   3.0| 859107793|
|     451|      Drama|   4323|     451|   3.5|1081878684|
|     451|      Drama|   5077|     451|   3.0|1012862719|
|     451|      Drama|   5153|     451|   3.0| 975402624|
|     451|      Drama|   5519|     451|   3.0| 981340584|
|     451|      Drama|   6201|     451|   3.0| 941209715|
|     451|      Drama|   6294|     451|   3.0| 947261311|
|     451|      Drama|   6513|     451|   2.5|1146070190|
|     451|      Drama|   6714|     451|   3.0|1099084203|
+--------+-----------+-------+--------+------+----------+

